172705 3.865 108.875 964.149 960.283997
31409 2.242 107.315 942.931 940.689026
200110 9.865 101.584 877.786 867.921021
32430 3.149 66.8259 826.699 823.549988
30644 90.222 496.278 902.334 812.112000
59689 1.918 73.7727 806.266 804.348022
286095 56.715 455.788 854.86 798.145020
12167 32.462 431.335 830.209 797.747009
180463 2.923 67.1244 800.071 797.148010
48290 47.927 445.733 843.538 795.611023
235046 75.335 472.32 869.305 793.969971
21460 3.445 114.975 793.897 790.452026
262737 4.974 79.5187 795.26 790.286011
158585 3.168 81.8956 786.902 783.734009
986 33.053 422.075 811.098 778.044983
12157 2.229 73.9795 777.966 775.737000
115415 21.164 407.284 793.404 772.239990
274502 1.991 60.2074 770.591 768.599976
164469 35.82 418.276 800.732 764.911987
299333 1.844 52.6212 765.98 764.135986
167454 1.594 53.2621 765.392 763.797974
294090 1.527 67.1786 764.793 763.265991
224254 1.717 41.4042 764.737 763.020020
25792 22.589 104.47 782.94 760.351013
105810 3.102 70.4492 763.385 760.283020
125473 72.009 451.653 831.296 759.286987
192568 210.726 590.012 969.298 758.572021
290146 81.183 458.188 835.193 754.010010
245861 90.01 466.726 843.443 753.432983
41318 120.329 496.107 871.886 751.557007
75007 98.822 474.419 850.016 751.193970
297439 23.7 398.619 773.537 749.836975
132093 12.698 142.448 759.916 747.218018
169512 3.651 111.817 748.313 744.661987
142350 64.982 435.844 806.707 741.724976
39164 2.439 60.3687 739.394 736.955017
209123 2.205 72.142 739.141 736.935974
172652 106.244 470.161 834.079 727.835022
181963 2.651 47.9524 728.742 726.091003
18605 4.004 71.6715 729.921 725.916992
74144 97.219 458.805 820.391 723.171997
110567 73.784 434.692 795.6 721.815979
127819 92.439 453.042 813.645 721.205994
113502 3.01 78.9695 723.513 720.502991
233969 3.794 66.1903 723.768 719.973999
226944 2.379 51.9348 722.147 719.768005
73697 3.826 65.2282 723.13 719.304016
147623 59.085 418.019 776.952 717.867004
165538 91.411 450.187 808.963 717.552002
95796 11.419 116.053 728.732 717.312988
